       r_200
 396.3600000
 875.6500000
 303.8000000
 646.7500000
  86.8800000
 500.1600000
 471.7700000
 192.5100000
 184.1200000
 383.0800000
 242.7400000
 329.3200000
 736.2300000
 674.1900000
 287.6200000
 387.0800000
 365.5200000
 422.9400000
 281.4600000
 320.5900000
 260.2300000
 371.9200000
 165.5600000
  90.0600000
 220.8100000
 265.2300000
 257.5700000
  89.7100000
 316.1500000
  57.2600000
 337.1800000
 321.8900000
 234.2000000
 223.9400000
 250.5200000
 245.6300000
 436.6700000
 281.7400000
 463.8800000
 127.6900000
 308.6700000
  49.0600000
 351.5000000
 152.3400000
 211.1600000
 302.2500000
 448.3500000
 223.9800000
 120.8300000
 189.9600000
 215.6600000
  64.5100000
 208.8600000
 163.3500000
 187.8900000
 269.9700000
 142.5800000
  94.4200000
 320.5900000
 167.9400000
  65.9300000
 197.0200000
 273.7100000
  34.2700000
 244.6700000
  33.9800000
 137.0300000
 197.0700000
 204.9600000
  25.4200000
  56.6900000
  59.1000000
 149.0300000
 206.1300000
 178.8600000
 156.2600000
  58.7100000
 158.6900000
 166.7900000
 204.6400000
 209.0000000
 192.4300000
 189.9400000
 173.2600000
 275.6900000
 213.3200000
 327.3900000
 218.5000000
 227.7200000
  99.6200000
 214.4900000
 192.4800000
 129.4200000
 168.3600000
 226.6200000
 247.8400000
  88.6800000
 201.6200000
 168.3900000
 123.9600000
 125.1000000
 108.6100000
 188.5400000
 159.1600000
 115.7100000
 176.6400000
 136.0500000
 160.0600000
 149.8900000
 208.6600000
 212.3700000
 142.6100000
 148.3300000
 143.4400000
 205.5600000
 210.1200000
 174.5600000
 149.6400000
 143.7500000
  72.3600000
 151.8200000
 116.3400000
 151.8400000
 186.4100000
  75.6100000
 156.0600000
  67.3400000
 190.8400000
 154.9500000
  84.9100000
  48.5100000
 116.7200000
 168.2100000
 185.4300000
 210.2200000
 258.0900000
 180.3700000
 163.0800000
  99.7700000
 137.5100000
 154.9700000
 127.8000000
 113.6800000
  93.0600000
  97.2200000
 121.4800000
 144.9700000
 126.6700000
 167.2100000
 128.1500000
 120.9800000
 135.1000000
 220.2800000
 147.0000000
  94.9500000
  95.2900000
 246.4800000
 132.0900000
  70.9200000
 153.8500000
  92.6800000
  89.2200000
 158.2100000
 118.7500000
 154.9100000
  27.8800000
 259.7700000
  59.8400000
 174.5500000
 178.0900000
  44.6900000
 131.2800000
 136.6700000
 133.9600000
  35.3800000
 147.8200000
  23.8300000
 133.9200000
  50.3200000
 156.3500000
 148.6100000
 139.1500000
 163.0800000
 148.3200000
 261.9100000
  58.8300000
 150.9000000
 172.4900000
  80.1400000
  39.8600000
 141.3200000
 154.3300000
 149.8000000
 161.9900000
  99.1000000
 119.1000000
 125.9000000
 135.0200000
 113.6500000
 113.6300000
 135.6900000
 174.4000000
 131.8200000
 121.6700000
  21.3300000
  93.6900000
  31.7800000
 132.9500000
  53.2300000
 134.7200000
 101.7200000
 202.0600000
 120.5500000
  85.1200000
 151.6100000
 103.6200000
 133.5800000
  81.5700000
 140.6100000
 164.6100000
 130.7400000
  43.4900000
 133.0900000
  96.3700000
 128.5700000
  98.8300000
 197.8800000
  93.6500000
 136.7600000
  22.8000000
  74.2200000
 133.2200000
 160.9100000
 120.4100000
  84.0900000
 121.9300000
  21.2900000
 101.4400000
 132.2500000
 292.1700000
 177.7800000
 126.6400000
 127.4500000
 134.7600000
  80.5600000
 132.0400000
 125.3100000
 140.1400000
 137.5800000
 138.3800000
 174.3600000
 103.9100000
  22.8500000
 110.8000000
  89.6100000
 100.5800000
 107.4900000
  89.0600000
 126.3500000
 121.6800000
  58.6700000
 149.1300000
 150.0500000
  82.5200000
 161.7500000
 142.0900000
  93.4500000
  49.8200000
  36.1400000
  75.1600000
 280.2600000
 175.1700000
 123.5500000
  38.7900000
 103.5300000
 108.6700000
  78.0500000
 125.1700000
 116.0500000
 112.0300000
 159.5300000
 108.7300000
 160.3300000
 167.5900000
 198.9600000
 155.7700000
 174.3100000
  74.5200000
  78.4600000
 156.6900000
 160.6300000
 117.9000000
 116.7900000
  74.7700000
 208.4800000
  43.1400000
 141.6900000
 104.6100000
  50.6400000
 112.0200000
  54.6000000
  25.7800000
  40.3300000
 185.8700000
  37.2200000
  38.5800000
  59.1800000
 365.2700000
 134.5200000
 112.2200000
 153.1800000
 148.6100000
 114.0900000
  38.3000000
 117.5800000
 172.7400000
 176.4500000
  89.9900000
 105.3800000
 116.6400000
 168.8300000
 159.2600000
 135.1600000
 127.2400000
 105.1700000
 153.0900000
 104.2200000
 123.5700000
  74.7000000
  99.5800000
 100.5900000
 133.2700000
  66.0700000
 117.7300000
 114.5600000
  94.8400000
 157.9900000
  96.1000000
  47.6700000
 130.7600000
 144.3200000
  39.3800000
  85.4300000
 120.6200000
 111.4100000
 131.1300000
  95.5200000
 108.2400000
 143.8500000
 131.2500000
 109.6400000
  70.3300000
 101.5000000
  75.7700000
  54.2800000
 155.9900000
  85.9800000
 119.1600000
  31.5200000
 142.0100000
 128.8900000
  75.6800000
 131.5400000
  97.7700000
  39.6600000
  34.3600000
 102.7600000
 150.7800000
 101.8600000
 121.4400000
 118.0600000
 104.2400000
 109.2000000
  74.2500000
 114.9300000
  92.9700000
 116.9900000
 114.3500000
 144.5300000
  89.3600000
  85.3400000
 108.2200000
 105.3600000
 123.3800000
  90.3700000
 155.7800000
 114.2200000
  57.8100000
 162.6400000
  63.3700000
  55.5200000
 118.8800000
 104.3900000
  55.9800000
 110.9300000
  94.9900000
  74.5300000
  69.7800000
  26.7300000
  43.9800000
  61.8000000
 171.5500000
  85.4600000
 127.1300000
 100.4200000
  45.1700000
 151.0100000
  32.1000000
 107.9500000
 148.9600000
  64.7000000
 163.4300000
  93.3200000
  55.0200000
  46.6100000
  23.3000000
 149.6600000
 147.4200000
 107.5900000
 126.0800000
  36.5400000
  17.2700000
 132.2900000
  70.1600000
 105.5600000
 104.9100000
 132.7700000
  48.4700000
  56.4900000
 131.1000000
 108.6700000
 131.4800000
  88.2600000
 141.4500000
 106.6300000
 116.4100000
  31.5700000
  89.2400000
  45.5700000
 120.6200000
  59.6100000
 103.6100000
 229.1700000
 157.6300000
 147.7400000
  32.0500000
 164.4900000
 131.7800000
  66.3800000
  54.5000000
  77.5800000
  21.1200000
 132.9500000
 105.1100000
 132.4800000
  34.4300000
  53.0000000
  78.2600000
 103.0900000
  97.8700000
 117.9100000
  99.3600000
  98.1000000
  33.8200000
  97.3300000
  42.4800000
 109.8700000
  24.7500000
 196.2400000
  94.7500000
  75.3100000
 125.0200000
  91.8100000
 143.0600000
  53.9700000
 158.5900000
 100.6400000
  46.1900000
  56.9400000
  28.9400000
 105.9500000
  74.4300000
 119.3200000
 127.4800000
  28.8600000
  27.6900000
 104.7800000
 112.1800000
  40.3900000
 140.1600000
  85.2300000
 102.2400000
  90.1800000
 157.0300000
 138.0100000
 150.2800000
 114.0200000
 124.5200000
  97.0800000
  56.6400000
 118.3600000
 132.0000000
  78.7200000
 149.2400000
  50.4400000
  91.1800000
  82.0600000
 100.0100000
 146.0200000
 100.3300000
 107.7500000
 115.0300000
  85.8700000
  92.7500000
  23.1500000
 105.1000000
  68.1900000
  41.5200000
  31.3700000
 134.7300000
 154.4200000
 118.4800000
  87.0200000
  92.3400000
 109.7000000
  72.1600000
  69.5300000
  96.2900000
  62.8700000
  92.3600000
  18.1900000
  17.1700000
 102.5400000
 107.7100000
  89.6900000
  77.0300000
 115.1400000
  76.0600000
  84.6000000
  90.7900000
 127.6100000
  13.9300000
 148.4200000
  45.0300000
 126.0500000
  90.3700000
  18.1800000
 117.5400000
  96.8600000
 111.1700000
  21.8800000
  93.3100000
 113.5100000
  96.9200000
  76.4300000
  28.1000000
 101.2300000
 122.1800000
  16.3800000
 116.4300000
   9.5300000
 122.1600000
  54.6000000
 105.1400000
  92.0900000
  67.8600000
  90.0700000
 142.2700000
 127.9300000
  95.3000000
  60.6500000
  76.5000000
  73.1200000
  81.5600000
 129.4800000
  96.4200000
  29.9300000
  75.8400000
  62.8200000
  85.2000000
 104.8100000
  80.7200000
 104.3700000
  16.0400000
  35.3600000
  62.6700000
  20.6600000
 114.1200000
 113.9100000
 109.8000000
  68.8300000
  32.9000000
  93.0000000
  63.7900000
 127.6700000
  96.5000000
  84.7700000
  98.9900000
  66.1200000
  58.0700000
 117.6700000
  96.4300000
  80.7000000
  79.6900000
 112.2000000
 143.9100000
  76.1400000
  82.2100000
  68.3900000
  29.4400000
  97.3000000
 123.5600000
 129.4000000
  99.3200000
   4.2100000
  79.6000000
  53.8000000
 125.8500000
 119.3500000
  55.2600000
  72.6900000
 119.4500000
  66.2200000
  83.9000000
 120.6900000
 120.1800000
  58.6300000
  67.4300000
 101.1200000
 108.5000000
  30.3500000
  66.0100000
 132.1300000
 152.1400000
  60.9100000
  58.8100000
  73.5200000
  80.8800000
  77.6000000
  37.7100000
  88.5500000
  89.1100000
 118.3200000
 129.4800000
  77.0200000
 117.4400000
 125.9500000
  26.2500000
  18.4300000
 113.2700000
  89.4500000
  83.4600000
  24.5900000
  49.3800000
  94.3600000
  26.0200000
 124.8200000
  23.0100000
   2.9400000
  31.8800000
  31.9700000
 149.2900000
  28.0700000
  52.9700000
  86.0700000
  46.2700000
  22.3900000
