z_infa
 4.258
 0.116
 0.116
 0.247
 0.068
 0.092
 0.092
 0.092
 0.194
 0.092
 0.116
 0.068
 0.523
 0.557
 0.068
 0.116
 0.363
 0.247
 0.092
 0.141
 0.304
 0.394
 0.221
 0.022
 0.092
 0.168
 0.022
 0.304
 0.247
 0.092
 0.457
 0.738
 0.247
 0.068
 0.092
 0.068
 0.900
 0.221
 0.592
 0.116
 0.700
 0.022
 0.523
 0.068
 0.045
 0.394
 1.076
 0.116
 0.068
 0.304
 0.247
 0.092
 0.022
 0.092
 0.168
 0.523
 0.275
 0.304
 0.777
 0.000
 0.045
 0.068
 0.394
 0.092
 0.986
 0.942
 0.394
 0.168
 0.141
 0.168
 0.490
 0.490
 0.045
 0.221
 0.194
 0.116
 0.523
 0.247
 0.141
 0.363
 0.247
 0.490
 0.194
 0.141
 1.269
 0.700
 0.986
 0.333
 0.457
 0.194
 0.092
 0.194
 0.022
 0.247
 0.986
 0.942
 0.000
 0.333
 0.022
 0.116
 0.000
 0.141
 0.194
 0.628
 0.141
 0.557
 0.068
 0.092
 0.000
 0.457
 0.490
 0.221
 0.275
 0.141
 0.457
 0.523
 0.141
 0.022
 0.068
 1.076
 0.022
 0.141
 0.000
 0.490
 0.247
 0.116
 0.304
 0.333
 0.022
 0.000
 0.275
 0.275
 0.141
 0.304
 1.219
 1.123
 0.092
 0.247
 0.168
 0.221
 0.168
 0.275
 0.275
 0.000
 0.116
 0.628
 0.000
 0.068
 0.247
 0.247
 0.247
 0.022
 0.425
 0.221
 1.123
 0.000
 0.738
 0.000
 0.247
 0.457
 0.000
 0.592
 0.363
 0.275
 0.045
 0.738
 0.523
 0.275
 0.116
 0.275
 0.000
 0.141
 0.116
 0.490
 0.394
 0.068
 0.168
 0.022
 0.116
 0.275
 0.168
 0.022
 0.168
 0.194
 0.275
 0.068
 0.247
 0.394
 0.116
 0.777
 0.168
 0.247
 0.116
 0.221
 0.858
 0.045
 0.000
 0.168
 0.247
 0.068
 0.116
 0.663
 0.333
 0.092
 0.247
 0.000
 0.000
 0.221
 0.490
 0.045
 0.168
 0.304
 0.000
 0.304
 0.194
 0.777
 0.068
 0.523
 0.045
 0.363
 0.194
 0.304
 0.068
 0.068
 0.247
 0.141
 0.523
 0.304
 0.247
 0.304
 0.523
 0.116
 0.700
 0.022
 0.141
 0.022
 0.247
 0.221
 0.221
 1.958
 0.628
 0.275
 0.068
 0.116
 0.141
 0.425
 0.092
 0.141
 0.168
 1.031
 0.333
 0.045
 0.045
 0.000
 0.022
 0.022
 0.247
 0.000
 0.045
 0.092
 0.363
 0.425
 0.247
 0.275
 0.700
 0.194
 0.000
 0.304
 0.986
 0.045
 1.076
 0.942
 0.523
 0.275
 0.068
 0.141
 0.116
 0.068
 0.168
 0.068
 0.986
 0.045
 0.817
 0.663
 0.942
 0.557
 0.457
 0.000
 0.000
 0.304
 0.394
 0.092
 0.068
 0.275
 1.219
 0.141
 0.275
 0.000
 1.170
 0.092
 0.247
 0.247
 0.194
 0.817
 0.777
 0.986
 0.000
 1.269
 0.986
 0.141
 0.858
 0.817
 0.490
 0.247
 0.116
 0.628
 0.817
 0.068
 0.068
 0.141
 1.076
 0.900
 0.194
 0.247
 0.000
 0.858
 0.141
 0.194
 0.304
 0.168
 0.304
 0.490
 0.247
 0.592
 0.116
 0.168
 1.170
 0.304
 0.275
 1.076
 0.777
 0.275
 0.986
 0.304
 0.045
 1.123
 0.141
 0.045
 0.523
 0.275
 0.068
 0.000
 0.194
 0.000
 0.168
 1.269
 0.304
 0.045
 0.000
 0.858
 0.247
 0.304
 0.247
 0.942
 0.275
 1.076
 0.092
 0.942
 0.116
 0.425
 0.275
 0.000
 0.333
 0.523
 0.394
 0.022
 0.092
 0.247
 1.219
 0.141
 0.304
 0.045
 0.092
 0.275
 0.168
 0.490
 0.022
 0.141
 1.076
 0.986
 0.425
 0.045
 0.000
 0.275
 0.363
 0.304
 0.275
 0.141
 1.707
 0.247
 0.000
 0.777
 0.141
 0.457
 0.000
 0.304
 0.457
 0.304
 0.068
 1.031
 0.333
 1.170
 0.304
 0.275
 0.116
 0.000
 0.333
 1.031
 0.304
 0.141
 0.304
 0.523
 0.304
 0.363
 0.092
 0.045
 0.394
 0.068
 0.333
 0.457
 0.194
 0.275
 0.141
 0.592
 0.168
 0.168
 0.116
 0.221
 0.141
 0.194
 0.304
 0.068
 1.372
 0.900
 0.700
 0.000
 1.076
 1.031
 0.247
 0.141
 0.116
 0.141
 0.986
 0.000
 0.523
 0.000
 0.275
 0.304
 0.068
 0.045
 0.194
 0.092
 0.068
 0.247
 0.141
 0.490
 0.304
 0.000
 1.535
 1.031
 0.275
 0.557
 0.168
 0.523
 0.275
 0.700
 0.194
 0.557
 0.700
 0.092
 0.275
 0.000
 0.777
 0.777
 0.068
 0.092
 0.490
 0.247
 0.116
 0.858
 0.247
 0.000
 0.045
 0.592
 0.394
 0.900
 0.168
 0.394
 0.000
 0.022
 0.394
 0.900
 0.116
 0.817
 0.068
 0.000
 0.068
 0.168
 1.031
 0.141
 0.194
 0.247
 0.168
 0.247
 0.000
 0.116
 0.490
 0.304
 0.000
 0.523
 0.700
 0.141
 0.045
 0.275
 0.247
 0.247
 0.000
 0.045
 0.141
 0.942
 0.221
 0.000
 0.247
 0.116
 0.221
 0.092
 0.304
 0.000
 0.304
 0.022
 0.817
 0.000
 0.858
 0.022
 0.304
 0.247
 0.000
 0.557
 0.045
 0.275
 0.022
 0.045
 0.557
 0.141
 0.247
 0.000
 0.986
 0.394
 0.247
 0.333
 0.000
 0.333
 0.304
 0.247
 0.304
 0.092
 0.817
 0.858
 0.817
 0.116
 0.247
 0.168
 1.170
 0.045
 1.031
 0.092
 0.000
 0.523
 0.116
 0.045
 0.221
 0.045
 0.363
 0.045
 0.068
 0.490
 0.000
 0.425
 0.557
 0.275
 0.141
 0.000
 0.141
 0.275
 0.490
 0.194
 0.777
 0.000
 0.045
 0.141
 0.557
 0.363
 0.986
 0.068
 0.247
 0.986
 0.490
 0.247
 1.123
 0.425
 0.141
 0.557
 1.031
 0.275
 0.000
 0.168
 0.304
 0.777
 0.592
 0.000
 0.141
 0.738
 0.275
 0.194
 0.557
 0.817
 0.942
 0.275
 0.247
 0.247
 0.247
 0.304
 0.628
 0.858
 0.000
 0.168
 0.068
 0.247
 0.304
 0.557
 0.247
 0.275
 1.170
 0.817
 0.045
 0.858
 0.663
 0.000
 0.000
 0.817
 0.700
 0.168
 0.333
 0.045
 0.628
 0.000
 0.942
 0.900
 0.000
 0.333
 0.858
 1.031
 0.000
 0.275
 0.333
 0.523
 0.000
